42.29387,-71.26487
42.29387,-71.26487
42.29387,-71.26487
42.29387,-71.26487
42.29387,-71.26487
42.29387,-71.26487
42.29387,-71.26487
42.29387,-71.26487
42.29387,-71.26487
42.29387,-71.26487
42.29387,-71.26487
42.29387,-71.26487
42.29387,-71.26487
42.29387,-71.26487
42.29387,-71.26487
42.29387,-71.26487
42.29387,-71.26487
42.29387,-71.26487
42.29387,-71.26487
42.29387,-71.26487
42.29387,-71.26487
42.29387,-71.26487
42.29387,-71.26487
42.29387,-71.26487
42.29387,-71.26487
42.29387,-71.26487
42.29387,-71.26487
42.29387,-71.26487
42.29387,-71.26487
42.29387,-71.26487
42.29387,-71.26487
42.29387,-71.26487
42.29387,-71.26487
42.29387,-71.26487
42.29387,-71.26487
42.29387,-71.26487
42.29387,-71.26487
42.29387,-71.26487
42.29387,-71.26487
42.29387,-71.26487
42.29388,-71.26487
42.29388,-71.26486
42.29388,-71.26486
42.29388,-71.26486
42.29388,-71.26486
42.29388,-71.26486
42.29388,-71.26486
42.29388,-71.26486
42.29388,-71.26486
42.29388,-71.26486
42.29388,-71.26486
42.29388,-71.26486
42.29388,-71.26486
42.29388,-71.26486
42.29388,-71.26486
42.29388,-71.26486
42.29388,-71.26486
42.29388,-71.26486
42.29388,-71.26486
42.29388,-71.26485
42.29388,-71.26485
42.29388,-71.26485
42.29388,-71.26485
42.29388,-71.26485
42.29388,-71.26485
42.29388,-71.26485
42.29389,-71.26485
42.29389,-71.26485
42.29389,-71.26485
42.29389,-71.26485
42.29389,-71.26485
42.29389,-71.26485
42.29389,-71.26485
42.29389,-71.26484
42.29389,-71.26484
42.29389,-71.26484
42.29389,-71.26484
42.29389,-71.26484
42.29389,-71.26484
42.29389,-71.26484
42.29389,-71.26484
42.29389,-71.26484
42.29389,-71.26484
42.29389,-71.26484
42.29389,-71.26484
42.29389,-71.26484
42.29389,-71.26484
42.29389,-71.26484
42.29389,-71.26484
42.29389,-71.26484
42.29389,-71.26484
42.29389,-71.26484
42.29389,-71.26484
42.29389,-71.26484
42.29389,-71.26484
42.29389,-71.26484
42.29389,-71.26484
42.29389,-71.26484
42.29389,-71.26484
42.29389,-71.26484
42.29389,-71.26484
42.29389,-71.26484
42.29389,-71.26484
42.29389,-71.26484
42.29389,-71.26484
42.29389,-71.26484
42.29389,-71.26484
42.29389,-71.26484
42.29389,-71.26484
42.29389,-71.26484
42.29389,-71.26484
42.29389,-71.26484
42.29389,-71.26484
42.29389,-71.26484
42.29389,-71.26484
42.29389,-71.26484
42.29389,-71.26484
42.29389,-71.26484
42.29389,-71.26484
42.29389,-71.26484
42.29389,-71.26484
42.29389,-71.26484
42.29389,-71.26484
42.29389,-71.26484
42.29389,-71.26484
42.29389,-71.26484
42.29389,-71.26484
42.29389,-71.26484
42.29389,-71.26484
42.29389,-71.26484
42.29389,-71.26484
42.29389,-71.26484
42.29389,-71.26484
42.29389,-71.26484
42.29389,-71.26484
42.29389,-71.26484
42.29389,-71.26484
42.29389,-71.26484
42.29389,-71.26484
42.29389,-71.26484
42.29389,-71.26484
42.29389,-71.26484
42.29389,-71.26484
42.29389,-71.26484
42.29389,-71.26484
42.29389,-71.26484
42.29389,-71.26484
42.29389,-71.26484
42.29389,-71.26484
42.29389,-71.26484
42.29389,-71.26484
42.29389,-71.26484
42.29389,-71.26484
42.29389,-71.26484
42.29389,-71.26484
42.29389,-71.26484
42.29389,-71.26484
42.29389,-71.26484
42.29389,-71.26484
42.29389,-71.26484
42.29389,-71.26484
42.29389,-71.26484
42.29389,-71.26484
42.29389,-71.26484
42.29389,-71.26484
42.29389,-71.26484
42.29389,-71.26484
42.29389,-71.26484
42.29389,-71.26484
42.29389,-71.26484
42.29389,-71.26484
42.29389,-71.26484
42.29389,-71.26484
42.29389,-71.26484
42.29389,-71.26484
42.29389,-71.26484
42.29389,-71.26484
42.29389,-71.26484
42.29389,-71.26484
42.29389,-71.26484
42.29389,-71.26484
42.29389,-71.26484
42.29389,-71.26484
42.29389,-71.26484
42.29389,-71.26484
42.29389,-71.26484
42.29389,-71.26484
42.29389,-71.26484
42.29389,-71.26484
42.29389,-71.26484
42.29389,-71.26484
42.29389,-71.26484
42.29389,-71.26484
42.29389,-71.26484
42.29389,-71.26484
42.29389,-71.26484
42.29389,-71.26484
42.29389,-71.26484
42.29389,-71.26484
42.29389,-71.26484
42.29389,-71.26484
42.29389,-71.26484
42.29389,-71.26484
42.29389,-71.26484
42.29389,-71.26484
42.29389,-71.26484
42.29389,-71.26484
42.29389,-71.26484
42.29389,-71.26484
42.29389,-71.26484
42.29389,-71.26484
42.29389,-71.26484
42.29389,-71.26484
42.29389,-71.26484
42.29389,-71.26484
42.29389,-71.26484
42.29389,-71.26484
42.29389,-71.26484
42.29389,-71.26484
42.29389,-71.26484
42.29389,-71.26484
42.29389,-71.26484
42.29389,-71.26484
42.29389,-71.26484
42.29389,-71.26484
42.29389,-71.26484
42.29389,-71.26484
42.29389,-71.26484
42.29389,-71.26484
42.29389,-71.26484
42.29389,-71.26484
42.29389,-71.26484
42.29389,-71.26484
42.29389,-71.26484
42.29389,-71.26484
42.29389,-71.26484
42.29389,-71.26484
42.29389,-71.26484
42.29389,-71.26484
42.29389,-71.26484
42.29389,-71.26484
42.29389,-71.26484
42.29389,-71.26484
42.29389,-71.26484
42.29389,-71.26484
42.29389,-71.26484
42.29389,-71.26484
42.29389,-71.26484
42.29389,-71.26484
42.29389,-71.26484
42.29389,-71.26484
42.29389,-71.26484
42.29389,-71.26484
42.29389,-71.26484
42.29389,-71.26484
42.29389,-71.26484
42.29389,-71.26484
42.29389,-71.26484
42.29389,-71.26484
42.29389,-71.26484
42.29389,-71.26484
42.29389,-71.26484
42.29389,-71.26484
42.29389,-71.26484
42.29389,-71.26484
42.29389,-71.26484
42.29389,-71.26484
42.29389,-71.26484
42.29389,-71.26484
42.29389,-71.26484
42.29389,-71.26484
42.29389,-71.26484
42.29389,-71.26484
42.29389,-71.26484
42.29389,-71.26484
42.29389,-71.26484
42.29389,-71.26484
42.29389,-71.26484
42.29389,-71.26484
42.29389,-71.26484
42.29389,-71.26484
42.29389,-71.26484
42.29389,-71.26484
42.29389,-71.26484
42.29389,-71.26484
42.29389,-71.26484
42.29389,-71.26484
42.29389,-71.26484
42.29389,-71.26484
42.29389,-71.26484
42.29389,-71.26484
42.29389,-71.26484
42.29389,-71.26484
42.29389,-71.26484
42.29389,-71.26484
42.29389,-71.26484
42.29389,-71.26484
42.29389,-71.26484
42.29389,-71.26484
42.29389,-71.26484
42.29389,-71.26484
42.29389,-71.26484
42.29389,-71.26484
42.29389,-71.26484
42.29389,-71.26484
42.29389,-71.26484
42.29389,-71.26484
42.29389,-71.26484
42.29389,-71.26484
42.29389,-71.26484
42.29389,-71.26484
42.29389,-71.26484
42.29389,-71.26484
42.29389,-71.26484
42.29389,-71.26484
42.29389,-71.26484
42.29389,-71.26484
42.29389,-71.26484
42.29389,-71.26484
42.29389,-71.26484
42.29389,-71.26484
42.29389,-71.26484
42.29389,-71.26483
42.29389,-71.26483
42.29390,-71.26483
42.29390,-71.26483
42.29390,-71.26483
42.29390,-71.26483
42.29390,-71.26483
42.29390,-71.26483
42.29390,-71.26483
42.29390,-71.26483
42.29390,-71.26483
42.29390,-71.26483
42.29390,-71.26483
42.29390,-71.26483
42.29390,-71.26483
42.29390,-71.26483
42.29390,-71.26483
42.29390,-71.26483
42.29390,-71.26483
42.29390,-71.26483
42.29390,-71.26483
42.29390,-71.26482
42.29390,-71.26482
42.29390,-71.26482
42.29390,-71.26482
42.29390,-71.26482
42.29390,-71.26482
42.29390,-71.26482
42.29390,-71.26482
42.29391,-71.26482
42.29391,-71.26482
42.29391,-71.26482
42.29391,-71.26482
42.29391,-71.26482
42.29391,-71.26482
42.29391,-71.26481
42.29391,-71.26481
42.29391,-71.26481
42.29391,-71.26481
42.29391,-71.26481
42.29391,-71.26481
42.29391,-71.26481
42.29391,-71.26481
42.29391,-71.26481
42.29391,-71.26481
42.29391,-71.26481
42.29391,-71.26481
42.29391,-71.26481
42.29391,-71.26481
42.29391,-71.26481
42.29391,-71.26481
42.29391,-71.26481
42.29392,-71.26480
42.29392,-71.26480
42.29392,-71.26480
42.29392,-71.26480
42.29392,-71.26480
42.29392,-71.26480
42.29392,-71.26480
42.29392,-71.26480
42.29392,-71.26480
42.29392,-71.26480
42.29392,-71.26480
42.29392,-71.26480
42.29392,-71.26480
42.29392,-71.26480
42.29392,-71.26480
42.29392,-71.26480
42.29392,-71.26479
42.29392,-71.26479
42.29392,-71.26479
42.29393,-71.26479
42.29393,-71.26479
42.29393,-71.26479
42.29393,-71.26479
42.29393,-71.26479
42.29393,-71.26479
42.29393,-71.26479
42.29393,-71.26479
42.29393,-71.26479
42.29393,-71.26479
42.29393,-71.26479
42.29393,-71.26479
42.29393,-71.26479
42.29393,-71.26479
42.29393,-71.26479
42.29393,-71.26479
42.29393,-71.26478
42.29393,-71.26478
42.29393,-71.26478
42.29394,-71.26478
42.29394,-71.26478
42.29394,-71.26478
42.29394,-71.26478
42.29394,-71.26478
42.29394,-71.26478
42.29394,-71.26478
42.29394,-71.26478
42.29394,-71.26478
42.29394,-71.26478
42.29394,-71.26478
42.29394,-71.26478
42.29394,-71.26478
42.29394,-71.26478
42.29394,-71.26478
42.29394,-71.26477
42.29394,-71.26477
42.29394,-71.26477
42.29394,-71.26477
42.29395,-71.26477
42.29395,-71.26477
42.29395,-71.26477
42.29395,-71.26477
42.29395,-71.26477
42.29395,-71.26477
42.29395,-71.26477
42.29395,-71.26477
42.29395,-71.26477
42.29395,-71.26477
42.29395,-71.26477
42.29395,-71.26477
42.29395,-71.26476
42.29395,-71.26476
42.29395,-71.26476
42.29395,-71.26476
42.29395,-71.26476
42.29395,-71.26476
42.29395,-71.26476
42.29396,-71.26476
42.29396,-71.26476
42.29396,-71.26476
42.29396,-71.26476
42.29396,-71.26476
42.29396,-71.26476
42.29396,-71.26475
42.29396,-71.26475
42.29396,-71.26475
42.29396,-71.26475
42.29396,-71.26475
42.29396,-71.26475
42.29396,-71.26475
42.29396,-71.26475
42.29396,-71.26475
42.29396,-71.26475
42.29396,-71.26475
42.29396,-71.26475
42.29397,-71.26475
42.29397,-71.26475
42.29397,-71.26474
42.29397,-71.26474
42.29397,-71.26474
42.29397,-71.26474
42.29397,-71.26474
42.29397,-71.26474
42.29397,-71.26474
42.29397,-71.26474
42.29397,-71.26474
42.29397,-71.26474
42.29397,-71.26474
42.29397,-71.26474
42.29397,-71.26474
42.29397,-71.26473
42.29397,-71.26473
42.29397,-71.26473
42.29397,-71.26473
42.29398,-71.26473
42.29398,-71.26473
42.29398,-71.26473
42.29398,-71.26473
42.29398,-71.26473
42.29398,-71.26473
42.29398,-71.26473
42.29398,-71.26473
42.29398,-71.26473
42.29398,-71.26473
42.29398,-71.26473
42.29398,-71.26472
42.29398,-71.26472
42.29398,-71.26472
42.29398,-71.26472
42.29398,-71.26472
42.29398,-71.26472
42.29398,-71.26472
42.29398,-71.26472
42.29398,-71.26472
42.29399,-71.26472
42.29399,-71.26472
42.29399,-71.26472
42.29399,-71.26472
42.29399,-71.26471
42.29399,-71.26471
42.29399,-71.26471
42.29399,-71.26471
42.29399,-71.26471
42.29399,-71.26471
42.29399,-71.26471
42.29399,-71.26471
42.29399,-71.26471
42.29399,-71.26471
42.29399,-71.26471
42.29399,-71.26471
42.29399,-71.26471
42.29399,-71.26471
42.29399,-71.26470
42.29399,-71.26470
42.29399,-71.26470
42.29399,-71.26470
42.29400,-71.26470
42.29400,-71.26470
42.29400,-71.26470
42.29400,-71.26470
42.29400,-71.26470
42.29400,-71.26470
42.29400,-71.26470
42.29400,-71.26469
42.29400,-71.26469
42.29400,-71.26469
42.29400,-71.26469
42.29400,-71.26469
42.29400,-71.26469
42.29400,-71.26469
42.29400,-71.26469
42.29400,-71.26469
42.29400,-71.26469
42.29400,-71.26469
42.29400,-71.26469
42.29400,-71.26468
42.29400,-71.26468
42.29400,-71.26468
42.29400,-71.26468
42.29400,-71.26468
42.29401,-71.26468
42.29401,-71.26468
42.29401,-71.26468
42.29401,-71.26468
42.29401,-71.26468
42.29401,-71.26468
42.29401,-71.26468
42.29401,-71.26468
42.29401,-71.26467
42.29401,-71.26467
42.29401,-71.26467
42.29401,-71.26467
42.29401,-71.26467
42.29401,-71.26467
42.29401,-71.26467
42.29401,-71.26467
42.29401,-71.26467
42.29401,-71.26467
42.29402,-71.26467
42.29402,-71.26467
42.29402,-71.26467
42.29402,-71.26467
42.29402,-71.26467
42.29402,-71.26467
42.29402,-71.26467
42.29402,-71.26467
42.29402,-71.26467
42.29402,-71.26466
42.29402,-71.26466
42.29402,-71.26466
42.29402,-71.26466
42.29402,-71.26466
42.29402,-71.26466
42.29403,-71.26466
42.29403,-71.26466
42.29403,-71.26466
42.29403,-71.26466
42.29403,-71.26466
42.29403,-71.26466
42.29403,-71.26466
42.29403,-71.26466
42.29403,-71.26466
42.29403,-71.26466
42.29403,-71.26465
42.29403,-71.26465
42.29403,-71.26465
42.29403,-71.26465
42.29403,-71.26465
42.29403,-71.26465
42.29404,-71.26465
42.29404,-71.26465
42.29404,-71.26465
42.29404,-71.26465
42.29404,-71.26465
42.29404,-71.26465
42.29404,-71.26465
42.29404,-71.26464
42.29404,-71.26464
42.29404,-71.26464
42.29404,-71.26464
42.29404,-71.26464
42.29404,-71.26464
42.29404,-71.26464
42.29404,-71.26464
42.29404,-71.26464
42.29404,-71.26464
42.29404,-71.26463
42.29404,-71.26463
42.29404,-71.26463
42.29404,-71.26463
42.29404,-71.26463
42.29404,-71.26463
42.29404,-71.26463
42.29404,-71.26463
42.29404,-71.26463
42.29404,-71.26463
42.29404,-71.26463
42.29404,-71.26462
42.29404,-71.26462
42.29405,-71.26462
42.29405,-71.26462
42.29405,-71.26462
42.29405,-71.26462
42.29405,-71.26462
42.29405,-71.26462
42.29405,-71.26462
42.29405,-71.26462
42.29405,-71.26461
42.29405,-71.26461
42.29405,-71.26461
42.29405,-71.26461
42.29405,-71.26461
42.29405,-71.26461
42.29405,-71.26461
42.29405,-71.26461
42.29405,-71.26461
42.29405,-71.26461
42.29405,-71.26461
42.29405,-71.26461
42.29405,-71.26461
42.29405,-71.26461
42.29406,-71.26460
42.29406,-71.26460
42.29406,-71.26460
42.29406,-71.26460
42.29406,-71.26460
42.29406,-71.26460
42.29406,-71.26460
42.29406,-71.26460
42.29406,-71.26460
42.29406,-71.26460
42.29406,-71.26460
42.29406,-71.26459
42.29406,-71.26459
42.29407,-71.26459
42.29407,-71.26459
42.29407,-71.26459
42.29407,-71.26459
42.29407,-71.26459
42.29407,-71.26459
42.29407,-71.26459
42.29407,-71.26459
42.29407,-71.26459
42.29407,-71.26459
42.29407,-71.26459
42.29407,-71.26459
42.29407,-71.26459
42.29407,-71.26459
42.29407,-71.26459
42.29408,-71.26459
42.29408,-71.26459
42.29408,-71.26458
42.29408,-71.26458
42.29408,-71.26458
42.29408,-71.26458
42.29408,-71.26458
42.29408,-71.26458
42.29408,-71.26458
42.29408,-71.26458
42.29408,-71.26458
42.29408,-71.26458
42.29408,-71.26458
42.29408,-71.26458
42.29408,-71.26458
42.29408,-71.26458
42.29409,-71.26458
42.29409,-71.26458
42.29409,-71.26458
42.29409,-71.26458
42.29409,-71.26458
42.29409,-71.26458
42.29409,-71.26458
42.29409,-71.26457
42.29409,-71.26457
42.29409,-71.26457
42.29409,-71.26457
42.29409,-71.26457
42.29409,-71.26457
42.29409,-71.26457
42.29410,-71.26457
42.29410,-71.26457
42.29410,-71.26457
42.29410,-71.26457
42.29410,-71.26457
42.29410,-71.26457
42.29410,-71.26457
42.29410,-71.26457
42.29410,-71.26457
42.29410,-71.26457
42.29410,-71.26457
42.29410,-71.26457
42.29410,-71.26457
42.29411,-71.26457
42.29411,-71.26457
42.29411,-71.26456
42.29411,-71.26456
42.29411,-71.26456
42.29411,-71.26456
42.29411,-71.26456
42.29411,-71.26456
42.29411,-71.26456
42.29411,-71.26456
42.29411,-71.26456
42.29411,-71.26456
42.29411,-71.26456
42.29412,-71.26456
42.29412,-71.26456
42.29412,-71.26456
42.29412,-71.26456
42.29412,-71.26456
42.29412,-71.26456
42.29412,-71.26455
42.29412,-71.26455
42.29412,-71.26455
42.29412,-71.26455
42.29412,-71.26455
42.29412,-71.26455
42.29412,-71.26455
42.29412,-71.26455
42.29412,-71.26455
42.29412,-71.26455
42.29412,-71.26455
42.29413,-71.26455
42.29413,-71.26455
42.29413,-71.26455
42.29413,-71.26454
42.29413,-71.26454
42.29413,-71.26454
42.29413,-71.26454
42.29413,-71.26454
42.29413,-71.26454
42.29413,-71.26454
42.29413,-71.26454
42.29413,-71.26454
42.29413,-71.26454
42.29413,-71.26454
42.29413,-71.26454
42.29413,-71.26453
42.29413,-71.26453
42.29413,-71.26453
42.29414,-71.26453
42.29414,-71.26453
42.29414,-71.26453
42.29414,-71.26453
42.29414,-71.26453
42.29414,-71.26453
42.29414,-71.26453
42.29414,-71.26453
42.29414,-71.26452
42.29414,-71.26452
42.29414,-71.26452
42.29414,-71.26452
42.29414,-71.26452
42.29414,-71.26452
42.29414,-71.26452
42.29414,-71.26452
42.29414,-71.26452
42.29414,-71.26452
42.29414,-71.26452
42.29414,-71.26452
42.29414,-71.26451
42.29415,-71.26451
42.29415,-71.26451
42.29415,-71.26451
42.29415,-71.26451
42.29415,-71.26451
42.29415,-71.26451
42.29415,-71.26451
42.29415,-71.26451
42.29415,-71.26451
42.29415,-71.26451
42.29415,-71.26451
42.29415,-71.26451
42.29415,-71.26451
42.29415,-71.26451
42.29415,-71.26451
42.29415,-71.26451
42.29415,-71.26450
42.29415,-71.26450
42.29415,-71.26450
42.29415,-71.26450
42.29415,-71.26450
42.29415,-71.26450
42.29415,-71.26450
42.29415,-71.26450
42.29415,-71.26450
42.29415,-71.26450
42.29415,-71.26450
42.29415,-71.26450
42.29415,-71.26450
42.29415,-71.26450
42.29415,-71.26450
42.29415,-71.26449
42.29415,-71.26449
42.29415,-71.26449
42.29415,-71.26449
42.29415,-71.26449
42.29415,-71.26449
42.29415,-71.26449
42.29415,-71.26449
42.29415,-71.26449
42.29415,-71.26449
42.29415,-71.26449
42.29415,-71.26449
42.29415,-71.26449
42.29415,-71.26449
42.29415,-71.26448
42.29415,-71.26448
42.29415,-71.26448
42.29415,-71.26448
42.29415,-71.26448
42.29415,-71.26448
42.29415,-71.26448
42.29415,-71.26448
42.29415,-71.26448
42.29415,-71.26448
42.29415,-71.26448
42.29415,-71.26448
42.29415,-71.26447
42.29415,-71.26447
42.29415,-71.26447
42.29415,-71.26447
42.29415,-71.26447
42.29415,-71.26447
42.29415,-71.26447
42.29415,-71.26447
42.29415,-71.26447
42.29415,-71.26447
42.29415,-71.26447
42.29415,-71.26446
42.29414,-71.26446
42.29414,-71.26446
42.29414,-71.26446
42.29414,-71.26446
42.29414,-71.26446
42.29414,-71.26446
42.29414,-71.26446
42.29414,-71.26446
42.29414,-71.26446
42.29414,-71.26446
42.29414,-71.26446
42.29414,-71.26446
42.29414,-71.26445
42.29414,-71.26445
42.29414,-71.26445
42.29414,-71.26445
42.29414,-71.26445
42.29414,-71.26445
42.29414,-71.26445
42.29414,-71.26445
42.29413,-71.26445
42.29413,-71.26445
42.29413,-71.26445
42.29413,-71.26445
42.29413,-71.26445
42.29413,-71.26445
42.29413,-71.26445
42.29413,-71.26445
42.29413,-71.26445
42.29413,-71.26445
42.29413,-71.26444
42.29413,-71.26444
42.29413,-71.26444
42.29413,-71.26444
42.29412,-71.26444
42.29412,-71.26444
42.29412,-71.26444
42.29412,-71.26444
42.29412,-71.26444
42.29412,-71.26444
42.29412,-71.26444
42.29412,-71.26444
42.29412,-71.26444
42.29412,-71.26444
42.29412,-71.26444
42.29412,-71.26444
42.29412,-71.26444
42.29412,-71.26444
42.29412,-71.26444
42.29411,-71.26444
42.29411,-71.26444
42.29411,-71.26444
42.29411,-71.26444
42.29411,-71.26444
42.29411,-71.26444
42.29411,-71.26444
42.29411,-71.26444
42.29411,-71.26444
42.29411,-71.26444
42.29411,-71.26444
42.29411,-71.26444
42.29411,-71.26444
42.29410,-71.26444
42.29410,-71.26444
42.29410,-71.26444
42.29410,-71.26444
42.29410,-71.26444
42.29410,-71.26444
42.29410,-71.26445
42.29410,-71.26445
42.29410,-71.26445
42.29410,-71.26445
42.29410,-71.26445
42.29410,-71.26445
42.29410,-71.26445
42.29410,-71.26445
42.29410,-71.26445
42.29409,-71.26445
42.29409,-71.26445
42.29409,-71.26445
42.29409,-71.26445
42.29409,-71.26445
42.29409,-71.26445
42.29409,-71.26445
42.29409,-71.26445
42.29409,-71.26445
42.29409,-71.26446
42.29409,-71.26446
42.29409,-71.26446
42.29409,-71.26446
42.29409,-71.26446
42.29409,-71.26446
42.29408,-71.26446
42.29408,-71.26446
42.29408,-71.26446
42.29408,-71.26446
42.29408,-71.26447
42.29408,-71.26447
42.29408,-71.26447
42.29408,-71.26447
42.29408,-71.26447
42.29408,-71.26447
42.29408,-71.26447
42.29408,-71.26447
42.29408,-71.26447
42.29408,-71.26447
42.29408,-71.26448
42.29408,-71.26448
42.29408,-71.26448
42.29408,-71.26448
42.29408,-71.26448
42.29408,-71.26448
42.29408,-71.26448
42.29408,-71.26448
42.29408,-71.26448
42.29408,-71.26448
42.29408,-71.26448
42.29408,-71.26449
42.29408,-71.26449
42.29408,-71.26449
42.29408,-71.26449
42.29408,-71.26449
42.29408,-71.26449
42.29408,-71.26449
42.29408,-71.26449
42.29408,-71.26449
42.29408,-71.26449
42.29408,-71.26449
42.29408,-71.26450
42.29408,-71.26450
42.29408,-71.26450
42.29407,-71.26450
42.29407,-71.26450
42.29407,-71.26450
42.29407,-71.26450
42.29407,-71.26450
42.29407,-71.26450
42.29407,-71.26450
42.29407,-71.26451
42.29407,-71.26451
42.29407,-71.26451
42.29407,-71.26451
42.29407,-71.26451
42.29407,-71.26451
42.29407,-71.26451
42.29407,-71.26451
42.29407,-71.26451
42.29407,-71.26451
42.29407,-71.26452
42.29407,-71.26452
42.29407,-71.26452
42.29407,-71.26452
42.29407,-71.26452
42.29407,-71.26452
42.29407,-71.26452
42.29407,-71.26452
42.29407,-71.26452
42.29407,-71.26453
42.29407,-71.26453
42.29407,-71.26453
42.29407,-71.26453
42.29407,-71.26453
42.29407,-71.26453
42.29407,-71.26453
42.29407,-71.26453
42.29407,-71.26453
42.29407,-71.26453
42.29407,-71.26453
42.29407,-71.26454
42.29407,-71.26454
42.29407,-71.26454
42.29407,-71.26454
42.29407,-71.26454
42.29407,-71.26454
42.29407,-71.26454
42.29407,-71.26454
42.29407,-71.26454
42.29407,-71.26454
42.29407,-71.26455
42.29407,-71.26455
42.29407,-71.26455
42.29407,-71.26455
42.29407,-71.26455
42.29407,-71.26455
42.29407,-71.26455
42.29407,-71.26455
42.29407,-71.26455
42.29407,-71.26455
42.29407,-71.26456
42.29407,-71.26456
42.29406,-71.26456
42.29406,-71.26456
42.29406,-71.26456
42.29406,-71.26456
42.29406,-71.26456
42.29406,-71.26456
42.29406,-71.26456
42.29406,-71.26456
42.29406,-71.26457
42.29406,-71.26457
42.29406,-71.26457
42.29406,-71.26457
42.29406,-71.26457
42.29406,-71.26457
42.29406,-71.26457
42.29406,-71.26457
42.29406,-71.26457
42.29406,-71.26457
42.29406,-71.26457
42.29406,-71.26458
42.29406,-71.26458
42.29406,-71.26458
42.29406,-71.26458
42.29406,-71.26458
42.29406,-71.26458
42.29406,-71.26458
42.29406,-71.26458
42.29406,-71.26458
42.29406,-71.26458
42.29406,-71.26458
42.29406,-71.26458
42.29405,-71.26459
42.29405,-71.26459
42.29405,-71.26459
42.29405,-71.26459
42.29405,-71.26459
42.29405,-71.26459
42.29405,-71.26459
42.29405,-71.26459
42.29405,-71.26459
42.29405,-71.26459
42.29405,-71.26459
42.29405,-71.26459
42.29405,-71.26459
42.29405,-71.26460
42.29405,-71.26460
42.29405,-71.26460
42.29405,-71.26460
42.29405,-71.26460
42.29405,-71.26460
42.29405,-71.26460
42.29405,-71.26460
42.29405,-71.26460
42.29405,-71.26460
42.29405,-71.26460
42.29405,-71.26460
42.29404,-71.26461
42.29404,-71.26461
42.29404,-71.26461
42.29404,-71.26461
42.29404,-71.26461
42.29404,-71.26461
42.29404,-71.26461
42.29404,-71.26461
42.29404,-71.26461
42.29404,-71.26461
42.29404,-71.26461
42.29404,-71.26462
42.29404,-71.26462
42.29404,-71.26462
42.29404,-71.26462
42.29404,-71.26462
42.29404,-71.26462
42.29404,-71.26462
42.29404,-71.26462
42.29404,-71.26462
42.29404,-71.26462
42.29404,-71.26462
