42.29385,-71.26487
42.29385,-71.26487
42.29385,-71.26487
42.29385,-71.26487
42.29385,-71.26488
42.29385,-71.26488
42.29385,-71.26488
42.29385,-71.26487
42.29385,-71.26488
42.29385,-71.26488
42.29385,-71.26488
42.29385,-71.26488
42.29385,-71.26488
42.29385,-71.26488
42.29385,-71.26488
42.29385,-71.26488
42.29385,-71.26487
42.29385,-71.26488
42.29385,-71.26488
42.29385,-71.26488
42.29385,-71.26488
42.29385,-71.26488
42.29385,-71.26488
42.29385,-71.26487
42.29386,-71.26488
42.29385,-71.26488
42.29385,-71.26488
42.29385,-71.26487
42.29386,-71.26488
42.29386,-71.26487
42.29386,-71.26488
42.29385,-71.26488
42.29386,-71.26488
42.29386,-71.26489
42.29386,-71.26488
42.29386,-71.26488
42.29386,-71.26488
42.29386,-71.26489
42.29386,-71.26489
42.29386,-71.26489
42.29386,-71.26489
42.29386,-71.26488
42.29386,-71.26489
42.29386,-71.26489
42.29386,-71.26489
42.29386,-71.26489
42.29386,-71.26489
42.29386,-71.26489
42.29386,-71.26488
42.29386,-71.26488
42.29386,-71.26489
42.29386,-71.26489
42.29386,-71.26489
42.29386,-71.26488
42.29386,-71.26489
42.29386,-71.26489
42.29385,-71.26488
42.29384,-71.26487
42.29385,-71.26488
42.29385,-71.26488
42.29385,-71.26488
42.29386,-71.26489
42.29385,-71.26488
42.29386,-71.26487
42.29386,-71.26487
42.29386,-71.26489
42.29386,-71.26490
42.29387,-71.26490
42.29387,-71.26490
42.29387,-71.26489
42.29387,-71.26490
42.29387,-71.26490
42.29387,-71.26490
42.29387,-71.26490
42.29386,-71.26490
42.29385,-71.26488
42.29386,-71.26488
42.29386,-71.26489
42.29386,-71.26489
42.29387,-71.26490
42.29386,-71.26490
42.29386,-71.26489
42.29386,-71.26489
42.29386,-71.26489
42.29386,-71.26489
42.29386,-71.26488
42.29386,-71.26488
42.29386,-71.26488
42.29386,-71.26489
42.29385,-71.26488
42.29385,-71.26489
42.29386,-71.26489
42.29386,-71.26489
42.29386,-71.26489
42.29386,-71.26489
42.29385,-71.26489
42.29385,-71.26487
42.29385,-71.26489
42.29386,-71.26488
42.29386,-71.26488
42.29385,-71.26488
42.29385,-71.26488
42.29385,-71.26488
42.29385,-71.26487
42.29385,-71.26487
42.29385,-71.26488
42.29385,-71.26487
42.29385,-71.26487
42.29386,-71.26487
42.29386,-71.26488
42.29386,-71.26487
42.29385,-71.26486
42.29386,-71.26485
42.29386,-71.26484
42.29387,-71.26483
42.29388,-71.26481
42.29389,-71.26480
42.29389,-71.26479
42.29390,-71.26477
42.29391,-71.26477
42.29392,-71.26475
42.29394,-71.26475
42.29395,-71.26474
42.29395,-71.26471
42.29394,-71.26468
42.29396,-71.26468
42.29399,-71.26472
42.29397,-71.26467
42.29398,-71.26468
42.29398,-71.26468
42.29398,-71.26467
42.29400,-71.26467
42.29399,-71.26467
42.29397,-71.26467
42.29399,-71.26469
42.29395,-71.26462
42.29395,-71.26462
42.29392,-71.26459
42.29392,-71.26458
42.29392,-71.26458
42.29390,-71.26457
42.29394,-71.26459
42.29394,-71.26459
42.29399,-71.26466
42.29401,-71.26468
42.29399,-71.26464
42.29400,-71.26465
42.29399,-71.26465
42.29398,-71.26464
42.29399,-71.26464
42.29399,-71.26464
42.29399,-71.26464
42.29399,-71.26463
42.29398,-71.26462
42.29399,-71.26463
42.29398,-71.26463
42.29399,-71.26463
42.29398,-71.26463
42.29398,-71.26462
42.29398,-71.26462
42.29398,-71.26463
42.29399,-71.26464
42.29399,-71.26464
42.29400,-71.26464
42.29400,-71.26465
42.29400,-71.26466
42.29400,-71.26466
42.29400,-71.26466
42.29400,-71.26466
42.29400,-71.26466
42.29400,-71.26466
42.29400,-71.26466
42.29400,-71.26467
42.29400,-71.26467
42.29400,-71.26466
42.29399,-71.26467
42.29400,-71.26467
42.29400,-71.26467
42.29400,-71.26467
42.29400,-71.26467
42.29399,-71.26467
42.29400,-71.26468
42.29400,-71.26468
42.29399,-71.26467
42.29399,-71.26466
42.29400,-71.26465
42.29401,-71.26462
42.29400,-71.26461
42.29402,-71.26465
42.29402,-71.26464
42.29399,-71.26460
42.29400,-71.26458
42.29401,-71.26458
42.29403,-71.26457
42.29405,-71.26458
42.29404,-71.26455
42.29406,-71.26453
42.29407,-71.26452
42.29408,-71.26451
42.29409,-71.26450
42.29410,-71.26447
42.29410,-71.26445
42.29412,-71.26445
42.29413,-71.26443
42.29414,-71.26441
42.29415,-71.26441
42.29416,-71.26439
42.29416,-71.26438
42.29416,-71.26436
42.29417,-71.26435
42.29417,-71.26433
42.29419,-71.26432
42.29419,-71.26430
42.29420,-71.26429
42.29420,-71.26428
42.29421,-71.26427
42.29422,-71.26426
42.29421,-71.26425
42.29423,-71.26425
42.29422,-71.26425
42.29423,-71.26425
42.29424,-71.26424
42.29425,-71.26424
42.29424,-71.26424
42.29424,-71.26424
42.29424,-71.26424
42.29424,-71.26425
42.29423,-71.26425
42.29423,-71.26425
42.29424,-71.26423
42.29425,-71.26424
42.29424,-71.26423
42.29423,-71.26423
42.29425,-71.26424
42.29425,-71.26424
42.29421,-71.26420
42.29418,-71.26420
42.29419,-71.26418
42.29419,-71.26418
42.29420,-71.26418
42.29421,-71.26420
42.29421,-71.26421
42.29422,-71.26423
42.29423,-71.26423
42.29424,-71.26424
42.29424,-71.26424
42.29424,-71.26423
42.29424,-71.26423
42.29424,-71.26423
42.29424,-71.26423
42.29424,-71.26422
42.29424,-71.26423
42.29424,-71.26422
42.29424,-71.26421
42.29423,-71.26421
42.29423,-71.26422
42.29424,-71.26422
42.29424,-71.26422
42.29424,-71.26422
42.29423,-71.26423
42.29423,-71.26423
42.29424,-71.26424
42.29424,-71.26424
42.29423,-71.26423
42.29423,-71.26421
42.29422,-71.26421
42.29422,-71.26421
42.29422,-71.26420
42.29425,-71.26422
42.29425,-71.26423
42.29422,-71.26419
42.29422,-71.26419
42.29424,-71.26422
42.29425,-71.26422
42.29425,-71.26423
42.29424,-71.26422
42.29425,-71.26423
42.29424,-71.26423
42.29424,-71.26422
42.29424,-71.26423
42.29424,-71.26423
42.29424,-71.26423
42.29424,-71.26422
42.29424,-71.26422
42.29425,-71.26422
42.29425,-71.26422
42.29424,-71.26422
42.29424,-71.26422
42.29424,-71.26422
42.29424,-71.26423
42.29424,-71.26425
42.29424,-71.26422
42.29425,-71.26423
42.29424,-71.26423
42.29427,-71.26423
42.29427,-71.26422
42.29428,-71.26421
42.29428,-71.26419
42.29430,-71.26417
42.29430,-71.26416
42.29431,-71.26416
42.29431,-71.26415
42.29432,-71.26415
42.29432,-71.26415
42.29432,-71.26415
42.29432,-71.26415
42.29431,-71.26415
42.29431,-71.26415
42.29431,-71.26416
42.29431,-71.26415
42.29432,-71.26414
42.29433,-71.26412
42.29435,-71.26410
42.29435,-71.26409
42.29435,-71.26409
42.29435,-71.26408
42.29434,-71.26407
42.29435,-71.26406
42.29435,-71.26408
42.29435,-71.26408
42.29436,-71.26408
42.29436,-71.26408
42.29435,-71.26408
42.29436,-71.26408
42.29436,-71.26408
42.29436,-71.26408
42.29436,-71.26408
42.29436,-71.26407
42.29437,-71.26407
42.29437,-71.26406
42.29437,-71.26404
42.29438,-71.26401
42.29437,-71.26400
42.29437,-71.26399
42.29437,-71.26397
42.29437,-71.26395
42.29436,-71.26392
42.29435,-71.26389
42.29435,-71.26385
42.29435,-71.26380
42.29434,-71.26375
42.29434,-71.26372
42.29435,-71.26368
42.29434,-71.26363
42.29435,-71.26359
42.29435,-71.26354
42.29435,-71.26349
42.29436,-71.26346
42.29437,-71.26342
42.29438,-71.26338
42.29439,-71.26334
42.29440,-71.26330
42.29441,-71.26326
42.29443,-71.26323
42.29445,-71.26318
42.29446,-71.26314
42.29448,-71.26310
42.29451,-71.26308
42.29452,-71.26305
42.29453,-71.26303
42.29457,-71.26301
42.29458,-71.26299
42.29459,-71.26295
42.29462,-71.26295
42.29465,-71.26293
42.29466,-71.26291
42.29470,-71.26290
42.29473,-71.26289
42.29473,-71.26285
42.29473,-71.26281
42.29472,-71.26278
42.29471,-71.26276
42.29468,-71.26276
42.29467,-71.26275
42.29465,-71.26274
42.29465,-71.26274
42.29464,-71.26274
42.29464,-71.26274
42.29464,-71.26273
42.29463,-71.26272
42.29463,-71.26273
42.29463,-71.26274
42.29460,-71.26275
42.29458,-71.26274
42.29454,-71.26272
42.29451,-71.26272
42.29448,-71.26272
42.29444,-71.26271
42.29441,-71.26271
42.29438,-71.26271
42.29434,-71.26270
42.29430,-71.26267
42.29427,-71.26264
42.29423,-71.26261
42.29422,-71.26256
42.29421,-71.26250
42.29421,-71.26246
42.29421,-71.26241
42.29421,-71.26235
42.29420,-71.26232
42.29420,-71.26227
42.29418,-71.26223
42.29417,-71.26218
42.29417,-71.26212
42.29416,-71.26207
42.29415,-71.26203
42.29413,-71.26200
42.29413,-71.26195
42.29410,-71.26190
42.29409,-71.26186
42.29407,-71.26183
42.29405,-71.26179
42.29401,-71.26176
42.29397,-71.26173
42.29394,-71.26170
42.29393,-71.26165
42.29389,-71.26165
42.29386,-71.26163
42.29382,-71.26162
42.29379,-71.26161
42.29377,-71.26158
42.29375,-71.26158
42.29372,-71.26158
42.29370,-71.26156
42.29369,-71.26156
42.29368,-71.26154
42.29366,-71.26151
42.29366,-71.26151
42.29364,-71.26147
42.29365,-71.26147
42.29366,-71.26147
42.29366,-71.26147
42.29366,-71.26147
42.29367,-71.26143
42.29365,-71.26139
42.29365,-71.26136
42.29366,-71.26134
42.29368,-71.26131
42.29371,-71.26127
42.29369,-71.26122
42.29360,-71.26119
42.29361,-71.26113
42.29363,-71.26113
42.29367,-71.26108
42.29357,-71.26106
42.29371,-71.26099
42.29362,-71.26095
42.29359,-71.26090
42.29358,-71.26088
42.29370,-71.26045
42.29371,-71.26024
42.29370,-71.26021
42.29369,-71.26019
42.29370,-71.26016
42.29367,-71.26013
42.29364,-71.26012
42.29363,-71.26011
42.29362,-71.26013
42.29360,-71.26014
42.29358,-71.26014
42.29357,-71.26015
42.29354,-71.26014
42.29351,-71.26016
42.29350,-71.26015
42.29352,-71.26019
42.29353,-71.26020
42.29348,-71.26019
42.29346,-71.26020
42.29346,-71.26020
42.29343,-71.26019
42.29340,-71.26020
42.29337,-71.26021
42.29336,-71.26021
42.29334,-71.26021
42.29330,-71.26024
42.29326,-71.26026
42.29327,-71.26030
42.29316,-71.26029
42.29314,-71.26030
42.29313,-71.26030
42.29306,-71.26031
42.29309,-71.26032
42.29309,-71.26033
42.29307,-71.26036
42.29305,-71.26037
42.29301,-71.26039
42.29296,-71.26039
42.29294,-71.26041
42.29288,-71.26043
42.29283,-71.26044
42.29281,-71.26044
42.29271,-71.26045
42.29260,-71.26047
42.29268,-71.26049
42.29251,-71.26041
42.29251,-71.26039
42.29243,-71.26038
42.29244,-71.26037
42.29238,-71.26031
42.29231,-71.26031
42.29233,-71.26029
42.29232,-71.26027
42.29231,-71.26027
42.29229,-71.26024
42.29225,-71.26026
42.29221,-71.26024
42.29218,-71.26022
42.29216,-71.26016
42.29214,-71.26020
42.29210,-71.26015
42.29203,-71.26017
42.29199,-71.26018
42.29202,-71.26009
42.29193,-71.26010
42.29193,-71.26010
42.29181,-71.26001
42.29176,-71.25996
42.29181,-71.25998
42.29176,-71.25997
42.29171,-71.25996
42.29168,-71.25993
42.29166,-71.25992
42.29163,-71.25992
42.29165,-71.25989
42.29161,-71.25988
42.29158,-71.25987
42.29155,-71.25988
42.29153,-71.25988
42.29151,-71.25986
42.29150,-71.25985
42.29143,-71.25983
42.29142,-71.25982
42.29143,-71.25979
42.29139,-71.25977
42.29138,-71.25975
42.29137,-71.25972
42.29136,-71.25971
42.29134,-71.25969
42.29134,-71.25967
42.29132,-71.25966
42.29133,-71.25963
42.29124,-71.25961
42.29121,-71.25960
42.29121,-71.25956
42.29120,-71.25953
42.29118,-71.25952
42.29115,-71.25951
42.29119,-71.25948
42.29120,-71.25945
42.29118,-71.25944
42.29115,-71.25943
42.29112,-71.25942
42.29110,-71.25941
42.29108,-71.25941
42.29106,-71.25942
42.29104,-71.25944
42.29103,-71.25946
42.29101,-71.25948
42.29099,-71.25950
42.29098,-71.25952
42.29095,-71.25953
42.29094,-71.25955
42.29093,-71.25957
42.29091,-71.25959
42.29090,-71.25959
42.29088,-71.25961
42.29088,-71.25963
42.29085,-71.25965
42.29083,-71.25968
42.29081,-71.25970
42.29079,-71.25973
42.29078,-71.25976
42.29075,-71.25978
42.29074,-71.25982
42.29073,-71.25985
42.29070,-71.25986
42.29069,-71.25988
42.29068,-71.25992
42.29066,-71.25995
42.29065,-71.25999
42.29065,-71.26002
42.29062,-71.26005
42.29063,-71.26009
42.29062,-71.26012
42.29061,-71.26016
42.29059,-71.26020
42.29055,-71.26024
42.29054,-71.26026
42.29053,-71.26029
42.29051,-71.26033
42.29049,-71.26036
42.29046,-71.26040
42.29044,-71.26043
42.29043,-71.26046
42.29041,-71.26049
42.29039,-71.26052
42.29037,-71.26055
42.29034,-71.26058
42.29032,-71.26061
42.29030,-71.26063
42.29027,-71.26066
42.29025,-71.26067
42.29021,-71.26068
42.29018,-71.26070
42.29014,-71.26070
42.29013,-71.26071
42.29010,-71.26071
42.29006,-71.26072
42.29004,-71.26070
42.29001,-71.26067
42.28999,-71.26065
42.28996,-71.26062
42.28995,-71.26059
42.28992,-71.26056
42.28995,-71.26054
42.28992,-71.26050
42.28991,-71.26046
42.28990,-71.26043
42.28989,-71.26041
42.28989,-71.26038
42.28989,-71.26036
42.28986,-71.26030
42.28984,-71.26026
42.28983,-71.26023
42.28981,-71.26019
42.28980,-71.26016
42.28979,-71.26014
42.28976,-71.26009
42.28975,-71.26007
42.28973,-71.26004
42.28972,-71.26001
42.28970,-71.25997
42.28967,-71.25994
42.28967,-71.25991
42.28964,-71.25989
42.28963,-71.25986
42.28962,-71.25984
42.28962,-71.25981
42.28962,-71.25979
42.28962,-71.25977
42.28961,-71.25973
42.28961,-71.25972
42.28962,-71.25970
42.28964,-71.25969
42.28965,-71.25968
42.28967,-71.25966
42.28968,-71.25965
42.28970,-71.25964
42.28971,-71.25963
42.28973,-71.25962
42.28975,-71.25960
42.28976,-71.25960
42.28978,-71.25960
42.28981,-71.25959
42.28983,-71.25957
42.28985,-71.25957
42.28986,-71.25955
42.28987,-71.25955
42.28988,-71.25954
42.28989,-71.25953
42.28988,-71.25951
42.28990,-71.25950
42.28992,-71.25950
42.28993,-71.25949
42.28993,-71.25949
42.28995,-71.25950
42.28994,-71.25951
42.28994,-71.25952
42.28994,-71.25953
42.28993,-71.25953
42.28993,-71.25954
42.28993,-71.25955
42.28992,-71.25955
42.28991,-71.25955
42.28990,-71.25955
42.28988,-71.25955
42.28989,-71.25955
42.28988,-71.25955
42.28986,-71.25956
42.28986,-71.25956
42.28986,-71.25957
42.28985,-71.25957
42.28984,-71.25957
42.28983,-71.25957
42.28983,-71.25957
42.28982,-71.25957
42.28981,-71.25957
42.28980,-71.25958
42.28979,-71.25959
42.28976,-71.25960
42.28975,-71.25961
42.28973,-71.25963
42.28971,-71.25962
42.28969,-71.25964
42.28967,-71.25965
42.28966,-71.25966
42.28964,-71.25967
42.28964,-71.25969
42.28962,-71.25972
42.28962,-71.25974
42.28962,-71.25975
42.28962,-71.25978
42.28962,-71.25979
42.28963,-71.25982
42.28963,-71.25983
42.28963,-71.25985
42.28965,-71.25987
42.28965,-71.25989
42.28966,-71.25991
42.28967,-71.25993
42.28969,-71.25995
42.28970,-71.25998
42.28970,-71.26000
42.28973,-71.26002
42.28972,-71.26004
42.28974,-71.26006
42.28975,-71.26007
42.28975,-71.26008
42.28977,-71.26010
42.28977,-71.26010
42.28977,-71.26008
42.28977,-71.26009
42.28976,-71.26009
42.28977,-71.26010
42.28979,-71.26013
42.28981,-71.26015
42.28981,-71.26018
42.28982,-71.26020
42.28983,-71.26023
42.28984,-71.26026
42.28986,-71.26028
42.28987,-71.26031
42.28987,-71.26034
42.28989,-71.26037
42.28990,-71.26040
42.28989,-71.26042
42.28989,-71.26046
42.28992,-71.26049
42.28990,-71.26053
42.28991,-71.26056
42.28994,-71.26059
42.28994,-71.26062
42.28996,-71.26064
42.29000,-71.26066
42.29002,-71.26069
42.29004,-71.26069
42.29006,-71.26071
42.29009,-71.26071
42.29012,-71.26071
42.29014,-71.26071
42.29016,-71.26070
42.29018,-71.26069
42.29021,-71.26067
42.29025,-71.26066
42.29028,-71.26064
42.29030,-71.26063
42.29033,-71.26061
42.29034,-71.26059
42.29036,-71.26057
42.29038,-71.26054
42.29040,-71.26052
42.29042,-71.26049
42.29044,-71.26046
42.29045,-71.26043
42.29047,-71.26040
42.29048,-71.26037
42.29050,-71.26034
42.29052,-71.26031
42.29053,-71.26028
42.29054,-71.26025
42.29056,-71.26022
42.29057,-71.26018
42.29059,-71.26016
42.29059,-71.26013
42.29061,-71.26010
42.29063,-71.26006
42.29065,-71.26003
42.29064,-71.26001
42.29065,-71.25998
42.29067,-71.25993
42.29068,-71.25991
42.29069,-71.25988
42.29071,-71.25985
42.29073,-71.25982
42.29074,-71.25979
42.29076,-71.25976
42.29080,-71.25975
42.29081,-71.25973
42.29082,-71.25971
42.29082,-71.25969
42.29083,-71.25968
42.29084,-71.25967
42.29085,-71.25966
42.29086,-71.25965
42.29088,-71.25965
42.29088,-71.25963
42.29090,-71.25963
42.29090,-71.25961
42.29091,-71.25960
42.29091,-71.25960
42.29091,-71.25959
42.29091,-71.25959
42.29092,-71.25959
42.29092,-71.25959
42.29092,-71.25959
42.29092,-71.25959
42.29092,-71.25959
42.29092,-71.25959
42.29092,-71.25959
42.29092,-71.25959
42.29092,-71.25959
42.29092,-71.25959
42.29092,-71.25959
42.29092,-71.25959
42.29092,-71.25959
42.29091,-71.25960
42.29091,-71.25959
42.29092,-71.25959
42.29092,-71.25959
42.29092,-71.25959
42.29092,-71.25959
42.29091,-71.25959
42.29091,-71.25959
42.29091,-71.25959
42.29091,-71.25958
42.29092,-71.25958
42.29092,-71.25958
42.29092,-71.25958
42.29092,-71.25958
42.29092,-71.25959
42.29092,-71.25958
42.29091,-71.25958
42.29092,-71.25959
42.29092,-71.25959
42.29093,-71.25958
42.29093,-71.25957
42.29094,-71.25956
42.29095,-71.25954
42.29097,-71.25952
42.29099,-71.25951
42.29101,-71.25948
42.29102,-71.25947
42.29105,-71.25944
42.29107,-71.25942
42.29107,-71.25940
42.29109,-71.25939
42.29110,-71.25936
42.29113,-71.25934
42.29114,-71.25931
42.29115,-71.25929
42.29116,-71.25926
42.29118,-71.25923
42.29119,-71.25921
42.29121,-71.25919
42.29121,-71.25917
42.29122,-71.25915
42.29123,-71.25912
42.29125,-71.25910
42.29128,-71.25909
42.29128,-71.25905
42.29129,-71.25903
42.29132,-71.25901
42.29133,-71.25899
42.29134,-71.25897
42.29135,-71.25895
42.29136,-71.25893
42.29137,-71.25891
42.29137,-71.25888
42.29138,-71.25885
42.29137,-71.25884
42.29135,-71.25882
42.29134,-71.25880
42.29134,-71.25879
42.29133,-71.25879
42.29132,-71.25878
42.29130,-71.25878
42.29129,-71.25878
42.29127,-71.25879
42.29126,-71.25882
42.29126,-71.25883
42.29127,-71.25886
42.29127,-71.25888
42.29128,-71.25891
42.29128,-71.25892
42.29127,-71.25895
42.29126,-71.25896
42.29123,-71.25896
42.29122,-71.25895
42.29121,-71.25893
42.29120,-71.25892
42.29119,-71.25890
42.29117,-71.25888
42.29117,-71.25888
42.29115,-71.25888
42.29114,-71.25889
42.29114,-71.25891
42.29113,-71.25893
42.29114,-71.25896
42.29114,-71.25898
42.29115,-71.25899
42.29116,-71.25901
42.29116,-71.25902
42.29117,-71.25905
42.29117,-71.25907
42.29116,-71.25908
42.29115,-71.25910
42.29115,-71.25910
42.29114,-71.25910
42.29113,-71.25910
42.29111,-71.25909
42.29110,-71.25908
42.29109,-71.25907
42.29108,-71.25906
42.29106,-71.25906
42.29105,-71.25905
42.29104,-71.25905
42.29102,-71.25905
42.29101,-71.25905
42.29100,-71.25906
42.29099,-71.25907
42.29099,-71.25908
42.29098,-71.25908
42.29098,-71.25910
42.29098,-71.25911
42.29098,-71.25912
42.29098,-71.25913
42.29098,-71.25915
42.29099,-71.25916
42.29099,-71.25917
42.29100,-71.25919
42.29100,-71.25921
42.29100,-71.25922
42.29099,-71.25924
42.29098,-71.25924
42.29097,-71.25925
42.29096,-71.25925
42.29095,-71.25924
42.29094,-71.25925
42.29093,-71.25925
42.29092,-71.25924
42.29092,-71.25925
42.29091,-71.25926
42.29090,-71.25926
42.29089,-71.25926
42.29089,-71.25928
42.29089,-71.25929
42.29088,-71.25930
42.29088,-71.25932
42.29087,-71.25934
42.29086,-71.25936
42.29086,-71.25938
42.29084,-71.25939
42.29084,-71.25941
42.29082,-71.25942
42.29081,-71.25944
42.29080,-71.25946
42.29079,-71.25947
42.29079,-71.25949
42.29078,-71.25951
42.29078,-71.25953
42.29078,-71.25954
42.29079,-71.25957
42.29079,-71.25958
42.29079,-71.25958
42.29081,-71.25959
42.29082,-71.25960
42.29083,-71.25960
42.29084,-71.25960
42.29086,-71.25960
42.29087,-71.25960
42.29087,-71.25961
42.29089,-71.25961
42.29088,-71.25960
42.29090,-71.25960
42.29090,-71.25961
42.29090,-71.25959
42.29091,-71.25959
42.29092,-71.25959
42.29092,-71.25958
42.29093,-71.25957
42.29094,-71.25955
42.29095,-71.25954
42.29096,-71.25953
42.29097,-71.25952
42.29099,-71.25950
42.29100,-71.25949
42.29101,-71.25947
42.29102,-71.25946
42.29103,-71.25945
42.29104,-71.25944
42.29105,-71.25943
42.29106,-71.25941
42.29107,-71.25940
42.29108,-71.25939
42.29109,-71.25939
42.29109,-71.25939
42.29110,-71.25938
42.29111,-71.25938
42.29111,-71.25938
42.29111,-71.25939
42.29112,-71.25939
42.29112,-71.25939
42.29112,-71.25938
42.29112,-71.25938
42.29112,-71.25940
42.29112,-71.25941
42.29113,-71.25940
42.29115,-71.25942
42.29116,-71.25944
42.29118,-71.25946
42.29120,-71.25948
42.29122,-71.25950
42.29125,-71.25953
42.29126,-71.25955
